[?25l[0m [38;2;0;0;0m      [7m[38;2;4;235;126m▋[0m[38;2;8;234;129;48;2;26;130;86m▇[38;2;17;211;126;48;2;31;118;84m▇[38;2;26;188;122;48;2;36;106;82m▇[38;2;36;166;118;48;2;41;94;80m▇[38;2;45;143;115;48;2;46;81;78m▇[38;2;55;121;111;48;2;51;69;76m▇[0m[38;2;59;90;98m▌                 [0m
 [38;2;0;0;0m      [7m[38;2;1;249;132m▋[0m[38;2;6;239;130;48;2;10;228;129m▌[38;2;15;217;127;48;2;20;206;125m▌[38;2;24;194;123;48;2;29;183;121m▌[38;2;34;172;119;48;2;39;161;118m▌[38;2;43;149;116;48;2;48;138;114m▌[38;2;52;127;112;48;2;57;115;111m▌[0m[38;2;60;95;102m▌                 [0m
 [38;2;0;0;0m      [7m[38;2;1;249;132m▋[0m[38;2;6;239;130;48;2;10;228;128m▌[38;2;15;217;127;48;2;20;206;125m▌[38;2;24;194;123;48;2;29;183;121m▌[38;2;34;172;119;48;2;39;161;118m▌[38;2;43;149;116;48;2;48;138;114m▌[38;2;53;127;113;48;2;57;115;111m▌[0m[38;2;60;95;102m▌  [0m               [0m
 [38;2;0;0;0m      [7m[38;2;1;249;132m▋[0m[38;2;6;239;130;48;2;10;228;128m▌[38;2;15;217;127;48;2;20;206;125m▌[38;2;24;194;123;48;2;29;183;121m▌[38;2;34;172;119;48;2;39;161;118m▌[38;2;43;149;116;48;2;48;138;114m▌[38;2;53;127;113;48;2;57;115;111m▌[0m[38;2;60;95;102m▌  [7m[38;2;5;229;197m▌[0m[38;2;6;247;211;48;2;10;242;208m▌[38;2;14;237;204;48;2;18;232;200m▌[38;2;22;227;197;48;2;27;222;193m▌[38;2;31;217;189;48;2;35;211;185m▌[38;2;40;206;182;48;2;44;201;178m▌[38;2;48;196;174;48;2;53;191;171m▌[38;2;57;186;167;48;2;61;181;163m▌[38;2;65;176;160;48;2;69;171;156m▌[38;2;74;166;152;48;2;78;161;148m▌[38;2;82;156;145;48;2;86;150;141m▌[38;2;91;145;137;48;2;95;140;134m▌[38;2;99;135;130;48;2;103;130;126m▌[38;2;108;124;121;48;2;112;119;118m▋[0m[38;2;115;116;116m▎[0m
 [38;2;0;0;0m      [7m[38;2;1;249;132m▋[0m[38;2;6;239;130;48;2;10;228;128m▌[38;2;15;217;127;48;2;20;206;125m▌[38;2;24;194;123;48;2;29;183;121m▌[38;2;34;172;119;48;2;39;161;118m▌[38;2;43;149;116;48;2;48;138;114m▌[38;2;53;127;112;48;2;57;115;111m▌[0m[38;2;60;95;102m▌  [7m[38;2;5;230;198m▌[0m[38;2;6;247;211;48;2;10;242;208m▌[38;2;14;237;204;48;2;18;232;200m▌[38;2;23;227;197;48;2;27;222;193m▌[38;2;31;217;189;48;2;35;211;185m▌[38;2;40;206;182;48;2;44;201;178m▌[38;2;48;196;174;48;2;53;191;171m▌[38;2;57;186;167;48;2;61;181;163m▌[38;2;65;176;160;48;2;69;171;156m▌[38;2;74;166;152;48;2;78;161;148m▌[38;2;82;156;145;48;2;86;150;141m▌[38;2;91;145;137;48;2;95;140;134m▌[38;2;99;135;130;48;2;103;130;126m▌[38;2;108;124;121;48;2;112;119;118m▋[0m[38;2;115;116;116m▎[0m
 [38;2;0;0;0m      [7m[38;2;5;228;123m▋[38;2;8;234;129m▁[38;2;17;211;126m▁[38;2;26;188;122m▁[38;2;36;166;118m▁[38;2;45;143;115m▁[38;2;55;121;111m▁[0m[38;2;58;88;96m▌  [7m[38;2;9;210;183m▌[38;2;7;244;209m▁[38;2;16;234;202m▁[38;2;24;224;194m▁[38;2;33;214;187m▁[38;2;42;204;179m▁[38;2;50;194;172m▁[38;2;58;183;165m▁[38;2;67;173;157m▁[38;2;75;163;150m▁[38;2;84;153;142m▁[38;2;92;143;135m▁[38;2;101;133;128m▁[38;2;109;122;120m▁[0m[38;2;108;106;108m▎[0m
 [38;2;99;194;244m▃[38;2;97;186;238m▃[38;2;95;178;232m▃[38;2;92;171;227m▃[38;2;90;164;221m▃[38;2;87;156;215m▃[38;2;85;148;210m▃[38;2;82;141;204m▃[38;2;80;133;198m▃[38;2;77;126;193m▃[38;2;75;118;187m▃[38;2;72;110;181m▃[38;2;70;103;176m▃[38;2;62;69;128m▖  [38;2;141;146;70m▗[38;2;171;196;91m▃[38;2;151;175;97m▃[38;2;131;154;103m▃[38;2;110;133;110m▃[38;2;91;112;116m▃[38;2;71;91;123m▃[38;2;53;52;93m▖[0m       [0m
[7m[38;2;103;204;254m▊[0m[38;2;102;201;251;48;2;101;198;248m▌[38;2;99;194;245;48;2;98;190;242m▌[38;2;97;186;240;48;2;96;182;237m▍[38;2;94;178;234;48;2;93;174;231m▌[38;2;92;170;228;48;2;90;166;225m▌[38;2;89;163;222;48;2;88;159;219m▌[38;2;87;155;216;48;2;85;151;213m▌[38;2;84;147;211;48;2;83;143;208m▍[38;2;82;139;205;48;2;80;136;202m▍[38;2;79;131;199;48;2;78;127;196m▌[38;2;76;123;193;48;2;75;120;190m▌[38;2;74;116;187;48;2;73;112;184m▌[38;2;71;108;181;48;2;70;104;178m▌[0m[38;2;67;91;162m▌  [7m[38;2;176;197;83m▌[0m[38;2;180;206;91;48;2;170;196;94m▌[38;2;159;185;97;48;2;149;174;101m▌[38;2;139;164;104;48;2;128;153;107m▌[38;2;118;142;111;48;2;107;132;114m▌[38;2;97;121;117;48;2;87;110;120m▌[38;2;77;99;124;48;2;66;88;127m▌[0m[38;2;57;79;130m▍       [0m
[7m[38;2;103;204;254m▊[0m[38;2;102;201;251;48;2;101;198;248m▌[38;2;99;194;245;48;2;98;190;242m▌[38;2;97;186;240;48;2;96;182;237m▍[38;2;94;178;234;48;2;93;174;231m▌[38;2;92;170;228;48;2;90;166;225m▌[38;2;89;163;222;48;2;88;159;219m▌[38;2;87;155;216;48;2;85;151;213m▌[38;2;84;147;211;48;2;83;143;208m▍[38;2;82;139;205;48;2;80;136;202m▍[38;2;79;131;199;48;2;78;127;196m▌[38;2;76;123;193;48;2;75;120;190m▌[38;2;74;116;187;48;2;73;112;184m▌[38;2;71;108;181;48;2;70;104;178m▌[0m[38;2;67;91;162m▌  [7m[38;2;176;197;83m▌[0m[38;2;180;206;91;48;2;170;196;94m▌[38;2;159;185;97;48;2;149;174;101m▌[38;2;139;164;104;48;2;128;153;107m▌[38;2;118;142;111;48;2;107;132;114m▌[38;2;97;121;117;48;2;87;110;120m▌[38;2;77;99;124;48;2;66;89;127m▌[0m[38;2;57;79;130m▍       [0m
[7m[38;2;77;119;157m▊[38;2;95;181;229m▃[38;2;93;174;224m▃[38;2;91;167;219m▃[38;2;88;160;213m▃[38;2;86;153;208m▃[38;2;84;146;203m▃[38;2;82;139;197m▃[38;2;79;132;192m▃[38;2;77;125;187m▃[38;2;75;118;182m▃[38;2;72;111;176m▃[38;2;70;104;171m▃[38;2;68;96;166m▃[0m[38;2;67;91;162m▘  [7m[38;2;176;197;83m▌[0m[38;2;180;206;91;48;2;170;196;94m▌[38;2;159;185;97;48;2;149;174;101m▌[38;2;139;164;104;48;2;128;153;107m▌[38;2;118;142;111;48;2;107;132;114m▌[38;2;97;121;117;48;2;87;110;120m▌[38;2;77;99;124;48;2;66;88;127m▌[0m[38;2;57;79;130m▍       [0m
 [38;2;0;0;0m                [7m[38;2;176;197;83m▌[0m[38;2;180;206;91;48;2;170;196;94m▌[38;2;159;185;97;48;2;149;174;101m▌[38;2;139;164;104;48;2;128;153;107m▌[38;2;118;142;111;48;2;107;132;114m▌[38;2;97;121;117;48;2;87;110;120m▌[38;2;77;99;124;48;2;66;88;127m▌[0m[38;2;57;79;130m▍       [0m
 [38;2;0;0;0m                [7m[38;2;176;197;83m▌[0m[38;2;180;206;91;48;2;170;196;94m▌[38;2;159;185;97;48;2;149;174;101m▌[38;2;139;164;104;48;2;128;153;107m▌[38;2;118;142;111;48;2;107;132;114m▌[38;2;97;121;117;48;2;87;110;120m▌[38;2;77;99;124;48;2;66;89;127m▌[0m[38;2;57;79;130m▍       [0m
 [38;2;0;0;0m                [38;2;172;191;81m▝[7m[38;2;171;195;90m▄[38;2;150;174;97m▄[38;2;131;154;103m▄[38;2;110;133;109m▄[38;2;90;112;116m▄[38;2;70;91;122m▄[0m[38;2;54;66;112m▘       [0m
[?25h